117,House,20301,41,3,AL,200,,,"ROGERS, Mike Dennis",R000575,1958,,0.361,0.462,-86.32418,0.89561,783,30,,0.422,0.524
117,House,21102,41,7,AL,100,,,"SEWELL, Terri",S001185,1965,,-0.393,0.402,-22.59923,0.97204,797,9,,-0.494,0.479
117,House,21193,41,5,AL,200,,,"BROOKS, Mo",B001274,1954,,0.651,-0.412,-160.32584,0.81611,789,75,,0.697,-0.288
117,House,21500,41,6,AL,200,,,"PALMER, Gary James",P000609,1954,,0.678,0.102,-104.02708,0.87835,802,46,,0.647,0.277
117,House,22108,41,1,AL,200,,,"CARL, Jerry L.",C001054,1958,,0.512,0.554,-67.46716,0.9197,806,31,,0.512,0.553
117,House,22140,41,2,AL,200,,,"MOORE, Barry",M001212,1966,,0.625,-0.11,-130.6678,0.84878,797,69,,0.624,-0.109
117,House,29701,41,4,AL,200,,,"ADERHOLT, Robert",A000055,1965,,0.382,0.574,-135.17277,0.84436,799,54,,0.542,0.358
117,House,14066,81,1,AK,200,,,"YOUNG, Donald Edwin",Y000033,1933,,0.283,0.022,-83.13235,0.81484,406,33,,0.255,0.047
117,House,22168,81,1,AK,100,,,"PELTOLA, Mary Sattler",P000619,1973,,-0.698,-0.337,-3.2208,0.96324,86,1,,-0.699,-0.335
117,House,21995,93,0,AS,200,,,"RADEWAGEN, Aumua Amata Coleman",R000600,1947,,0.413,0.014,,,,,,,
117,House,20305,61,3,AZ,100,,,"GRIJALVA, Raúl M.",G000551,1948,,-0.598,-0.256,-11.24002,0.98596,795,4,,-0.529,-0.305
117,House,20902,61,2,AZ,100,,,"KIRKPATRICK, Ann",K000368,1950,,-0.169,-0.01,-30.88325,0.96254,809,14,,-0.423,0.144
117,House,21103,61,4,AZ,200,,,"GOSAR, Paul",G000565,1958,,0.698,-0.485,-141.32469,0.83714,795,65,,0.736,-0.554
117,House,21105,61,6,AZ,200,,,"SCHWEIKERT, David",S001183,1962,,0.575,-0.292,-152.17712,0.82833,808,71,,0.553,-0.256
117,House,21502,61,7,AZ,100,,,"GALLEGO, Ruben",G000574,1979,,-0.45,0.026,-17.53565,0.9785,807,9,,-0.49,0.336
117,House,21705,61,5,AZ,200,,,"BIGGS, Andrew S.",B001302,1958,,0.843,-0.537,-120.03656,0.86115,803,50,,0.773,-0.634
117,House,21739,61,1,AZ,100,,,"O'HALLERAN, Thomas C.",O000171,1946,,-0.197,0.18,-20.27912,0.97494,799,6,,-0.298,0.492
117,House,21757,61,8,AZ,200,,,"LESKO, Debbie",L000589,1958,,0.613,-0.095,-127.69465,0.84131,739,53,,0.614,-0.142
117,House,21968,61,9,AZ,100,,,"STANTON, Greg",S001211,1970,,-0.288,0.105,-23.81727,0.97106,811,10,,-0.263,0.253
117,House,21106,42,1,AR,200,,,"CRAWFORD, Rick",C001087,1966,,0.437,0.467,-93.24504,0.8905,804,40,,0.538,0.435
117,House,21108,42,3,AR,200,,,"WOMACK, Steve",W000809,1957,,0.354,0.577,-71.53772,0.91557,811,31,,0.346,0.541
117,House,21503,42,2,AR,200,,,"HILL, French",H001072,1956,,0.437,0.264,-68.39545,0.91825,802,24,,0.401,0.34
117,House,21563,42,4,AR,200,,,"WESTERMAN, Bruce Eugene",W000821,1967,,0.548,0.353,-69.34283,0.91697,800,26,,0.538,0.37
117,House,15448,71,12,CA,100,,,"PELOSI, Nancy",P000197,1940,,-0.49,-0.205,-0.66522,0.99433,117,0,,-0.463,0.231
117,House,20104,71,28,CA,100,,,"SCHIFF, Adam",S001150,1960,,-0.35,-0.134,-16.15417,0.98028,811,7,,-0.458,-0.173
117,House,20107,71,50,CA,200,,,"ISSA, Darrell",I000056,1953,,0.492,-0.037,-101.24072,0.87886,784,36,,0.422,0.239
117,House,20307,71,22,CA,200,,,"NUNES, Devin",N000181,1973,,0.45,0.223,-18.62697,0.95129,373,6,,0.456,0.68
117,House,20310,71,38,CA,100,,,"SÁNCHEZ, Linda T.",S001156,1969,,-0.507,-0.137,-10.58338,0.98694,805,4,,-0.453,-0.179
117,House,20501,71,16,CA,100,,,"COSTA, Jim",C001059,1952,,-0.193,0.456,-36.1665,0.95531,791,9,,-0.245,0.176
117,House,20538,71,6,CA,100,,,"MATSUI, Doris",M001163,1944,,-0.434,-0.156,-17.22309,0.9787,800,7,,-0.459,-0.034
117,House,20702,71,9,CA,100,,,"McNERNEY, Jerry",M001166,1951,,-0.263,-0.159,-17.89031,0.97805,806,6,,-0.43,-0.142
117,House,20703,71,23,CA,200,,,"MCCARTHY, Kevin",M001165,1965,,0.455,0.235,-65.47869,0.92094,795,22,,0.428,0.482
117,House,20762,71,14,CA,100,,,"SPEIER, Karen Lorraine Jacqueline (Jackie)",S001175,1950,,-0.381,-0.41,-41.40312,0.94752,768,10,,-0.389,-0.11
117,House,20903,71,4,CA,200,,,"McCLINTOCK, Tom",M001177,1956,,0.69,-0.419,-226.99333,0.75053,791,110,,0.616,-0.426
117,House,20955,71,27,CA,100,,,"CHU, Judy",C001080,1953,,-0.489,-0.373,-14.32446,0.98245,809,4,,-0.576,-0.254
117,House,20958,71,3,CA,100,,,"GARAMENDI, John",G000559,1945,,-0.309,-0.098,-24.81356,0.96953,802,9,,-0.317,-0.175
117,House,21110,71,37,CA,100,,,"BASS, Karen",B001270,1953,,-0.584,-0.098,-20.59215,0.97437,793,3,,-0.553,-0.015
117,House,21302,71,1,CA,200,,,"LaMALFA, Doug",L000578,1960,,0.532,0.052,-138.46546,0.83829,785,60,,0.524,-0.027
117,House,21303,71,2,CA,100,,,"HUFFMAN, Jared",H001068,1964,,-0.43,-0.54,-12.71683,0.98433,805,4,,-0.526,-0.442
117,House,21304,71,7,CA,100,,,"BERA, Ami",B001287,1965,,-0.235,0.015,-20.58689,0.97428,790,7,,-0.352,0.115
117,House,21306,71,15,CA,100,,,"SWALWELL, Eric",S001193,1980,,-0.365,-0.093,-21.72619,0.97337,805,7,,-0.285,-0.052
117,House,21307,71,21,CA,200,,,"VALADAO, David G.",V000129,1977,,0.262,0.385,-70.46969,0.91507,794,23,,0.281,0.315
117,House,21308,71,26,CA,100,,,"BROWNLEY, Julia",B001285,1952,,-0.288,0.056,-13.83133,0.98292,803,1,,-0.393,0.225
117,House,21309,71,29,CA,100,,,"CÁRDENAS, Tony",C001097,1963,,-0.385,0.009,-20.71254,0.97441,799,10,,-0.53,0.009
117,House,21311,71,36,CA,100,,,"RUIZ, Raul",R000599,1972,,-0.247,0.059,-22.62331,0.97246,810,12,,-0.483,0.294
117,House,21312,71,41,CA,100,,,"TAKANO, Mark",T000472,1960,,-0.463,-0.273,-15.86946,0.98036,800,9,,-0.467,-0.384
117,House,21313,71,47,CA,100,,,"LOWENTHAL, Alan",L000579,1941,,-0.449,-0.384,-23.42356,0.97132,805,9,,-0.409,-0.501
117,House,21314,71,51,CA,100,,,"VARGAS, Juan",V000130,1961,,-0.402,0.079,-20.15632,0.97506,798,8,,-0.508,-0.079
117,House,21315,71,52,CA,100,,,"PETERS, Scott",P000608,1958,,-0.183,-0.028,-27.44448,0.96603,794,10,,-0.258,0.287
117,House,21504,71,11,CA,100,,,"DESAULNIER, Mark James",D000623,1952,,-0.531,-0.375,-15.76973,0.9806,805,7,,-0.547,-0.38
117,House,21506,71,31,CA,100,,,"AGUILAR, Peter Rey",A000371,1979,,-0.295,0.139,-17.16797,0.979,809,6,,-0.407,0.282
117,House,21507,71,33,CA,100,,,"LIEU, Ted",L000582,1969,,-0.375,-0.248,-15.87955,0.98044,804,5,,-0.434,-0.126
117,House,21508,71,35,CA,100,,,"TORRES, Norma Judith",T000474,1965,,-0.365,0.049,-22.43051,0.97225,797,8,,-0.482,0.332
117,House,21703,71,44,CA,100,,,"BARRAGÁN, Nanette Diaz",B001300,1976,,-0.513,-0.026,-17.76961,0.97809,802,6,,-0.484,-0.284
117,House,21709,71,24,CA,100,,,"CARBAJAL, Salud",C001112,1964,,-0.298,0.109,-20.31724,0.97526,811,11,,-0.292,-0.023
117,House,21711,71,46,CA,100,,,"CORREA, Jose Luis",C001110,1958,,-0.282,0.262,-40.94096,0.95065,809,18,,-0.331,0.056
117,House,21728,71,17,CA,100,,,"KHANNA, Rohit",K000389,1976,,-0.544,-0.281,-18.54977,0.97722,805,10,,-0.333,-0.431
117,House,21740,71,20,CA,100,,,"PANETTA, James Varni",P000613,1969,,-0.299,0.082,-32.97108,0.96016,811,15,,-0.248,0.17
117,House,21754,71,34,CA,100,,,"GOMEZ, Jimmy",G000585,1974,,-0.574,-0.212,-20.71772,0.97462,806,8,,-0.399,-0.572
117,House,21930,71,10,CA,100,,,"HARDER, Josh",H001090,1986,,-0.385,0.686,-22.89596,0.97203,807,9,,-0.37,0.46
117,House,21939,71,49,CA,100,,,"LEVIN, Mike",L000593,1978,,-0.376,0.211,-17.31671,0.97887,811,9,,-0.415,0.352
117,House,21954,71,45,CA,100,,,"PORTER, Katie",P000618,1974,,-0.192,-0.183,-43.97454,0.94709,809,17,,-0.281,-0.415
117,House,21988,71,25,CA,200,,,"GARCIA, Mike",G000061,1976,,0.37,0.073,-103.8072,0.87887,804,43,,0.365,0.038
117,House,22126,71,53,CA,100,,,"JACOBS, Sara",J000305,1989,,-0.33,-0.448,-15.60858,0.98065,799,8,,-0.33,-0.447
117,House,22129,71,39,CA,200,,,"KIM, Young",K000397,1962,,0.273,0.254,-86.88972,0.89792,807,41,,0.273,0.254
117,House,22145,71,8,CA,200,,,"OBERNOLTE, Jay",O000019,1970,,0.323,0.226,-124.86842,0.85632,805,52,,0.323,0.226
117,House,22152,71,48,CA,200,,,"STEEL, Michelle",S001135,1955,,0.36,0.332,-78.85337,0.90625,801,35,,0.36,0.331
117,House,22164,71,22,CA,200,,,"CONWAY, Connie",C001128,1950,,0.379,0.27,-20.61892,0.90431,205,8,,0.379,0.269
117,House,29106,71,43,CA,100,,,"WATERS, Maxine",W000187,1938,,-0.656,-0.077,-52.36396,0.93579,789,20,,-0.89,-0.03
117,House,29312,71,18,CA,100,,,"ESHOO, Anna Georges",E000215,1942,,-0.381,-0.413,-23.46222,0.97128,805,10,,-0.362,-0.124
117,House,29317,71,40,CA,100,,,"ROYBAL-ALLARD, Lucille",R000486,1941,,-0.469,-0.171,-24.82859,0.9697,807,11,,-0.428,0.179
117,House,29323,71,42,CA,200,,,"CALVERT, Ken",C000059,1953,,0.348,0.23,-72.82253,0.91289,799,37,,0.334,0.439
117,House,29504,71,19,CA,100,,,"LOFGREN, Zoe",L000397,1947,,-0.401,-0.435,-35.79252,0.95619,799,11,,-0.279,-0.292
117,House,29707,71,30,CA,100,,,"SHERMAN, Brad",S000344,1954,,-0.343,-0.142,-16.81561,0.97938,807,5,,-0.423,0.111
117,House,29778,71,13,CA,100,,,"LEE, Barbara",L000551,1946,,-0.681,-0.584,-15.58154,0.98078,803,5,,-0.508,-0.591
117,House,29901,71,5,CA,100,,,"THOMPSON, Michael",T000460,1951,,-0.395,0.064,-20.14388,0.97541,809,8,,-0.295,-0.08
117,House,29903,71,32,CA,100,,,"NAPOLITANO, Grace Flores",N000179,1936,,-0.448,-0.247,-10.02088,0.9877,810,2,,-0.459,-0.2
117,House,20704,62,5,CO,200,,,"LAMBORN, Doug",L000564,1954,,0.669,0.217,-104.36947,0.87711,796,47,,0.606,0.165
117,House,20705,62,7,CO,100,,,"PERLMUTTER, Ed",P000593,1953,,-0.282,0.072,-21.51489,0.97376,809,11,,-0.349,0.041
117,House,21510,62,4,CO,200,,,"BUCK, Kenneth Robert",B001297,1959,,0.714,-0.432,-158.92196,0.81673,785,88,,0.677,-0.445
117,House,21912,62,6,CO,100,,,"CROW, Jason",C001121,1979,,-0.279,0.327,-23.92084,0.97072,805,10,,-0.335,0.23
117,House,21948,62,2,CO,100,,,"NEGUSE, Joseph",N000191,1984,,-0.376,-0.351,-14.4839,0.98228,810,5,,-0.312,-0.301
117,House,22103,62,3,CO,200,,,"BOEBERT, Lauren",B000825,1986,,0.765,-0.542,-130.25256,0.848,790,62,,0.765,-0.542
117,House,29710,62,1,CO,100,,,"DeGETTE, Diana",D000197,1957,,-0.431,-0.307,-19.31327,0.97635,807,9,,-0.371,-0.253
117,House,20706,1,2,CT,100,,,"COURTNEY, Joe",C001069,1953,,-0.343,0.018,-27.10498,0.96713,811,15,,-0.278,-0.037
117,House,20907,1,4,CT,100,,,"HIMES, James A.",H001047,1966,,-0.241,-0.233,-44.62341,0.94621,807,15,,-0.203,-0.184
117,House,21931,1,5,CT,100,,,"HAYES, Jahana",H001081,1973,,-0.369,-0.101,-32.34989,0.9609,811,13,,-0.373,-0.147
117,House,29109,1,3,CT,100,,,"DeLAURO, Rosa L.",D000216,1943,,-0.415,-0.118,-56.50388,0.9323,806,17,,-0.256,-0.291
117,House,29908,1,1,CT,100,,,"LARSON, John B.",L000557,1948,,-0.397,-0.048,-33.69712,0.9588,801,12,,-0.282,-0.104
117,House,21706,11,1,DE,100,,,"BLUNT ROCHESTER, Lisa",B001303,1962,,-0.335,-0.134,-18.30731,0.97765,810,9,,-0.377,-0.16
117,House,21993,55,0,DC,100,,,"NORTON, Eleanor Holmes",N000147,1937,,-0.498,-0.047,-0.22769,0.98264,13,0,,-0.41,-0.875
117,House,20316,43,25,FL,200,,,"DIAZ-BALART, Mario",D000600,1961,,0.283,0.129,-83.90842,0.89959,793,28,,0.312,0.322
117,House,20504,43,23,FL,100,,,"WASSERMAN SCHULTZ, Debbie",W000797,1966,,-0.42,0.08,-25.6392,0.96884,810,12,,-0.362,0.239
117,House,20708,43,14,FL,100,,,"CASTOR, Kathy",C001066,1966,,-0.439,0.054,-25.83538,0.96822,800,13,,-0.508,0.314
117,House,20709,43,16,FL,200,,,"BUCHANAN, Vernon G.",B001260,1951,,0.363,-0.112,-93.2095,0.88924,794,27,,0.426,0.225
117,House,20758,43,12,FL,200,,,"BILIRAKIS, Gus",B001257,1963,,0.407,0.021,-83.44211,0.90142,804,29,,0.435,0.058
117,House,20909,43,8,FL,200,,,"POSEY, Bill",P000599,1947,,0.526,-0.335,-154.41626,0.81998,778,63,,0.546,-0.328
117,House,20959,43,22,FL,100,,,"DEUTCH, Theodore E. (Ted)",D000610,1966,,-0.401,-0.078,-13.51561,0.98183,737,6,,-0.469,0.307
117,House,21116,43,11,FL,200,,,"WEBSTER, Daniel A.",W000806,1949,,0.526,-0.094,-135.03114,0.83362,742,65,,0.583,-0.11
117,House,21118,43,24,FL,100,,,"WILSON, Frederica",W000808,1942,,-0.478,-0.011,-16.9288,0.97914,803,9,,-0.575,0.126
117,House,21321,43,21,FL,100,,,"FRANKEL, Lois",F000462,1948,,-0.401,-0.07,-21.80463,0.97318,802,13,,-0.526,0.177
117,House,21712,43,13,FL,100,,,"CRIST, Charlie Joseph Jr.",C001111,1956,,-0.227,0.079,-21.6091,0.97051,722,10,,-0.26,0.273
117,House,21713,43,10,FL,100,,,"DEMINGS, Valdez Butler",D000627,1957,,-0.322,-0.006,-35.52675,0.95698,808,18,,-0.241,0.204
117,House,21714,43,2,FL,200,,,"DUNN, Neal Patrick",D000628,1953,,0.507,0.344,-81.32105,0.903,797,30,,0.468,0.508
117,House,21719,43,1,FL,200,,,"GAETZ, Matthew L. II",G000578,1982,,0.604,-0.63,-254.99652,0.72443,791,112,,0.565,-0.724
117,House,21732,43,5,FL,100,,,"LAWSON, Alfred Jr.",L000586,1948,,-0.26,0.076,-26.64096,0.96753,807,10,,-0.344,0.163
117,House,21735,43,18,FL,200,,,"MAST, Brian Jeffery",M001199,1980,,0.465,-0.391,-195.15756,0.78111,790,105,,0.52,-0.365
117,House,21738,43,7,FL,100,,,"MURPHY, Stephanie",M001202,1978,,-0.161,0.123,-56.38825,0.92757,750,20,,-0.181,0.332
117,House,21744,43,4,FL,200,,,"RUTHERFORD, John Henry",R000609,1952,,0.432,0.047,-149.4377,0.82422,773,64,,0.474,-0.026
117,House,21746,43,9,FL,100,,,"SOTO, Darren Michael",S001200,1978,,-0.374,0.157,-27.99037,0.96599,809,13,,-0.296,0.174
117,House,21971,43,17,FL,200,,,"STEUBE, William",S001214,1978,,0.684,-0.272,-134.96737,0.84458,799,50,,0.739,-0.151
117,House,21981,43,6,FL,200,,,"WALTZ, Michael",W000823,1974,,0.408,-0.035,-86.15957,0.8979,800,28,,0.423,0.178
117,House,22107,43,3,FL,200,,,"CAMMACK, Kat",C001039,1988,,0.593,-0.196,-137.43724,0.84251,802,60,,0.594,-0.197
117,House,22111,43,19,FL,200,,,"DONALDS, Byron",D000032,1978,,0.648,-0.155,-115.10836,0.86296,781,55,,0.649,-0.156
117,House,22116,43,15,FL,200,,,"FRANKLIN, C. Scott",F000472,1964,,0.601,0.13,-96.57475,0.88628,800,41,,0.602,0.129
117,House,22118,43,26,FL,200,,,"GIMENEZ, Carlos A.",G000593,1954,,0.306,0.156,-92.96559,0.89132,808,35,,0.306,0.156
117,House,22150,43,27,FL,200,,,"SALAZAR, Maria Elvira",S000168,1961,,0.268,0.06,-120.36196,0.85852,789,53,,0.268,0.06
117,House,22163,43,20,FL,100,,,"CHERFILUS-MCCORMICK, Sheila",C001127,1979,,-0.639,0.465,-12.32283,0.97102,419,7,,-0.639,0.465
117,House,29337,43,20,FL,100,,,"HASTINGS, Alcee Lamar",H000324,1936,2021,-0.564,0.157,-1.0145,0.988,84,0,,-0.567,-0.227
117,House,20321,44,13,GA,100,,,"SCOTT, David",S001157,1945,,-0.302,0.165,-18.85899,0.97676,802,6,,-0.428,0.364
117,House,20712,44,4,GA,100,,,"JOHNSON, Hank",J000288,1954,,-0.468,-0.002,-18.3124,0.97709,790,7,,-0.428,-0.286
117,House,21123,44,8,GA,200,,,"SCOTT, Austin",S001189,1969,,0.557,0.24,-69.75185,0.91549,790,29,,0.52,0.39
117,House,21513,44,1,GA,200,,,"CARTER, Buddy",C001103,1957,,0.56,0.292,-74.66495,0.90655,761,29,,0.512,0.313
117,House,21514,44,10,GA,200,,,"HICE, Jody Brownlow",H001071,1960,,0.796,-0.242,-124.64666,0.84837,758,61,,0.762,-0.402
117,House,21515,44,11,GA,200,,,"LOUDERMILK, Barry D.",L000583,1963,,0.682,-0.007,-110.89893,0.86699,777,63,,0.669,-0.025
117,House,21516,44,12,GA,200,,,"ALLEN, Rick W.",A000372,1951,,0.696,0.211,-110.54384,0.86942,790,51,,0.727,0.201
117,House,21717,44,3,GA,200,,,"FERGUSON, Anderson Drew IV",F000465,1966,,0.6,0.136,-107.83663,0.87345,797,45,,0.568,0.094
117,House,21944,44,6,GA,100,,,"McBATH, Lucy",M001208,1960,,-0.265,0.304,-26.40165,0.96793,810,12,,-0.359,0.307
117,House,22104,44,7,GA,100,,,"BOURDEAUX, Carolyn",B001312,1970,,-0.303,0.464,-34.05301,0.95888,811,12,,-0.303,0.464
117,House,22110,44,9,GA,200,,,"CLYDE, Andrew S.",C001116,1963,,0.792,-0.152,-126.85981,0.85165,790,57,,0.792,-0.152
117,House,22121,44,14,GA,200,,,"GREENE, Marjorie Taylor",G000596,1974,,0.8,-0.6,-93.77393,0.88834,792,38,,0.79,-0.614
117,House,22156,44,5,GA,100,,,"WILLIAMS, Nikema",W000788,1978,,-0.39,-0.419,-13.36491,0.98364,810,5,,-0.39,-0.419
117,House,29339,44,2,GA,100,,,"BISHOP, Sanford Dixon, Jr.",B000490,1947,,-0.283,0.46,-26.48254,0.9676,804,13,,-0.404,0.383
117,House,21997,94,0,GU,100,,,"SAN NICOLAS, Michael",S001204,1981,,-0.41,-0.52,-0.09024,0.99251,12,0,,-0.41,-0.875
117,House,20322,82,1,HI,100,,,"CASE, Ed",C001055,1952,,-0.197,-0.096,-39.48913,0.95195,802,13,,-0.191,0.055
117,House,22128,82,2,HI,100,,,"KAHELE, Kaialiʻi",K000396,1974,,-0.354,0.052,-17.51855,0.9785,806,9,,-0.354,0.052
117,House,21920,63,1,ID,200,,,"FULCHER, Russell",F000469,1962,,0.639,-0.011,-135.89068,0.83725,765,61,,0.651,-0.015
117,House,29910,63,2,ID,200,,,"SIMPSON, Michael K.",S001148,1950,,0.3,0.288,-107.03199,0.8707,773,44,,0.329,0.337
117,House,20749,21,11,IL,100,,,"FOSTER, Bill",F000454,1955,,-0.23,-0.222,-22.36197,0.9727,808,7,,-0.356,-0.067
117,House,20954,21,5,IL,100,,,"QUIGLEY, Mike",Q000023,1958,,-0.322,-0.266,-17.89828,0.97807,807,7,,-0.372,-0.015
117,House,21128,21,16,IL,200,,,"KINZINGER, Adam",K000378,1978,,0.234,0.381,-155.41454,0.7511,543,78,,0.14,0.468
117,House,21326,21,10,IL,100,,,"SCHNEIDER, Brad",S001190,1961,,-0.181,-0.152,-28.9794,0.96473,807,14,,-0.416,0.55
117,House,21328,21,13,IL,200,,,"DAVIS, Rodney",D000619,1970,,0.28,0.168,-91.82571,0.88894,780,36,,0.295,0.154
117,House,21329,21,17,IL,100,,,"BUSTOS, Cheri",B001286,1961,,-0.239,0.054,-25.50815,0.96774,778,11,,-0.263,0.347
117,House,21371,21,2,IL,100,,,"KELLY, Robin L.",K000385,1956,,-0.462,-0.013,-18.99554,0.97676,808,9,,-0.526,-0.054
117,House,21519,21,12,IL,200,,,"BOST, Mike",B001295,1960,,0.298,0.383,-110.49007,0.86808,781,53,,0.348,0.113
117,House,21562,21,18,IL,200,,,"LaHOOD, Darin",L000585,1968,,0.462,0.201,-67.43439,0.91955,804,24,,0.468,0.304
117,House,21730,21,8,IL,100,,,"KRISHNAMOORTHI, S. Raja",K000391,1973,,-0.317,-0.048,-23.80048,0.97097,808,9,,-0.321,0.11
117,House,21906,21,6,IL,100,,,"CASTEN, Sean",C001117,1971,,-0.665,0.613,-68.8562,0.91633,788,22,,-0.82,0.572
117,House,21921,21,4,IL,100,,,"GARCÍA, Jesús",G000586,1956,,-0.449,-0.826,-25.1348,0.96918,803,9,,-0.439,-0.84
117,House,21979,21,14,IL,100,,,"UNDERWOOD, Lauren",U000040,1986,,-0.521,0.554,-17.64268,0.97845,810,9,,-0.456,0.354
117,House,22138,21,15,IL,200,,,"MILLER, Mary E.",M001211,1959,,0.795,-0.267,-115.337,0.85622,743,50,,0.795,-0.267
117,House,22144,21,3,IL,100,,,"NEWMAN, Marie",N000192,1964,,-0.591,-0.302,-11.54665,0.98581,808,6,,-0.591,-0.302
117,House,29346,21,1,IL,100,,,"RUSH, Bobby L.",R000515,1946,,-0.479,-0.203,-12.36526,0.98479,807,5,,-0.548,-0.16
117,House,29717,21,7,IL,100,,,"DAVIS, Danny K.",D000096,1941,,-0.486,-0.265,-13.00126,0.98366,789,5,,-0.498,-0.342
117,House,29911,21,9,IL,100,,,"SCHAKOWSKY, Janice D.",S001145,1944,,-0.604,-0.27,-23.26985,0.97137,801,10,,-0.352,-0.474
117,House,20757,22,7,IN,100,,,"CARSON, André",C001072,1974,,-0.429,0.056,-17.45903,0.9786,807,10,,-0.345,-0.082
117,House,21132,22,8,IN,200,,,"BUCSHON, Larry",B001275,1962,,0.409,0.267,-61.70195,0.92523,794,25,,0.422,0.366
117,House,21330,22,2,IN,200,,,"WALORSKI, Jackie",W000813,1963,2022,0.436,0.315,-54.20181,0.92748,720,16,,0.477,0.339
117,House,21702,22,3,IN,200,,,"BANKS, James E.",B001299,1979,,0.645,0.01,-121.49783,0.85795,793,60,,0.657,0.038
117,House,21725,22,9,IN,200,,,"HOLLINGSWORTH, Joseph Albert III",H001074,1983,,0.418,-0.245,-153.51413,0.81401,746,64,,0.422,-0.227
117,House,21903,22,4,IN,200,,,"BAIRD, James",B001307,1945,,0.478,0.36,-94.11669,0.88966,805,35,,0.51,0.269
117,House,21952,22,6,IN,200,,,"PENCE, Gregory",P000615,1956,,0.541,0.023,-142.42453,0.83013,765,54,,0.616,0.025
117,House,22142,22,1,IN,100,,,"MRVAN, Frank J.",M001214,1969,,-0.3,0.247,-15.66641,0.98077,807,7,,-0.3,0.247
117,House,22151,22,5,IN,200,,,"SPARTZ, Victoria",S000929,1978,,0.428,0.08,-83.09589,0.90004,789,26,,0.428,0.08
117,House,22171,22,2,IN,200,,,"YAKYM, Rudy, III",Y000067,1984,,0.463,0.344,-5.20831,0.86173,35,4,,0.465,0.322
117,House,21902,31,3,IA,100,,,"AXNE, Cynthia",A000378,1965,,-0.25,0.528,-20.30594,0.97521,809,5,,-0.29,0.439
117,House,22113,31,4,IA,200,,,"FEENSTRA, Randy",F000446,1969,,0.442,0.299,-62.57278,0.92539,807,23,,0.442,0.298
117,House,22124,31,1,IA,200,,,"HINSON, Ashley",H001091,1983,,0.37,0.07,-108.69703,0.87457,811,37,,0.37,0.07
117,House,22139,31,2,IA,200,,,"MILLER-MEEKS, Mariannette",M001215,1955,,0.297,0.378,-79.76263,0.90533,802,36,,0.297,0.378
117,House,21750,32,4,KS,200,,,"ESTES, Ron",E000298,1956,,0.643,0.011,-104.00615,0.87319,767,53,,0.703,0.058
117,House,21914,32,3,KS,100,,,"DAVIDS, Sharice",D000629,1980,,-0.26,0.263,-21.19809,0.97414,809,6,,-0.279,0.359
117,House,22130,32,2,KS,200,,,"LATURNER, Jake",L000266,1988,,0.481,0.419,-51.40506,0.93776,800,17,,0.482,0.418
117,House,22134,32,1,KS,200,,,"MANN, Tracey",M000871,1976,,0.659,0.153,-107.23877,0.87614,811,49,,0.659,0.152
117,House,14854,51,5,KY,200,,,"ROGERS, Harold Dallas (Hal)",R000395,1937,,0.338,0.121,-80.3589,0.90511,806,34,,0.348,0.551
117,House,20723,51,3,KY,100,,,"YARMUTH, John",Y000062,1947,,-0.378,-0.275,-17.64731,0.97605,728,6,,-0.349,-0.357
117,House,20916,51,2,KY,200,,,"GUTHRIE, Brett",G000558,1964,,0.42,0.289,-50.69661,0.93926,809,19,,0.42,0.432
117,House,21333,51,6,KY,200,,,"BARR, Garland H. (Andy) IV",B001282,1973,,0.475,0.331,-64.4654,0.92258,800,27,,0.42,0.413
117,House,21565,51,1,KY,200,,,"COMER, James",C001108,1972,,0.591,-0.01,-140.82885,0.83969,806,69,,0.541,-0.085
117,House,31102,51,4,KY,200,,,"MASSIE, Thomas",M001184,1971,,0.678,-0.735,-177.84413,0.79658,782,74,,0.665,-0.746
117,House,20759,45,1,LA,200,,,"SCALISE, Steve",S001176,1965,,0.555,0.174,-75.1867,0.90822,781,27,,0.528,0.248
117,House,21137,45,2,LA,100,,,"RICHMOND, Cedric",R000588,1973,,-0.486,0.332,-0.00248,0.99982,14,0,,-0.387,-0.04
117,House,21523,45,6,LA,200,,,"GRAVES, Garret",G000577,1972,,0.438,0.023,-97.37709,0.88499,797,36,,0.392,0.329
117,House,21724,45,3,LA,200,,,"HIGGINS, Clay",H001077,1961,,0.62,-0.314,-187.19054,0.77106,720,91,,0.647,-0.389
117,House,21727,45,4,LA,200,,,"JOHNSON, Mike",J000299,1972,,0.558,0.022,-99.2723,0.88021,778,44,,0.586,0.162
117,House,22157,45,5,LA,200,,,"LETLOW, Julia",L000595,1981,,0.419,0.522,-56.93583,0.92335,714,20,,0.419,0.522
117,House,22158,45,2,LA,100,,,"CARTER, Troy",C001125,1963,,-0.38,0.165,-18.51308,0.97356,691,10,,-0.38,0.165
117,House,20920,2,1,ME,100,,,"PINGREE, Chellie",P000597,1955,,-0.42,-0.375,-23.94751,0.97083,809,9,,-0.385,-0.151
117,House,21923,2,2,ME,100,,,"GOLDEN, Jared",G000592,1982,,-0.115,0.354,-118.70414,0.85966,785,51,,-0.109,0.355
117,House,14873,52,5,MD,100,,,"HOYER, Steny Hamilton",H000874,1939,,-0.38,0.119,-15.57997,0.98054,793,6,,-0.457,0.358
117,House,15433,52,7,MD,100,,,"MFUME, Kweisi",M000687,1948,,-0.447,-0.407,-17.86452,0.9777,792,5,,-0.43,-0.21
117,House,20329,52,2,MD,100,,,"RUPPERSBERGER, C. A. (Dutch)",R000576,1946,,-0.295,0.131,-18.85201,0.97677,802,9,,-0.316,0.086
117,House,20724,52,3,MD,100,,,"SARBANES, John",S001168,1962,,-0.467,-0.072,-14.85481,0.98178,808,6,,-0.414,-0.098
117,House,21139,52,1,MD,200,,,"HARRIS, Andy",H001052,1957,,0.672,-0.392,-156.10145,0.82253,799,76,,0.74,-0.328
117,House,21707,52,4,MD,100,,,"BROWN, Anthony Gregory",B001304,1961,,-0.344,-0.063,-26.99697,0.96674,798,15,,-0.511,0.323
117,House,21741,52,8,MD,100,,,"RASKIN, Jamie Ben",R000606,1962,,-0.535,-0.269,-14.67823,0.98184,801,7,,-0.377,-0.436
117,House,21978,52,6,MD,100,,,"TRONE, David",T000483,1955,,-0.28,0.139,-23.74289,0.9709,804,9,,-0.319,0.401
117,House,15616,3,1,MA,100,,,"NEAL, Richard Edmund",N000015,1949,,-0.417,-0.105,-16.50324,0.97971,805,7,,-0.41,0.057
117,House,20119,3,8,MA,100,,,"LYNCH, Stephen F.",L000562,1955,,-0.349,0.04,-18.19061,0.97766,805,6,,-0.29,0.036
117,House,21140,3,9,MA,100,,,"KEATING, William R.",K000375,1952,,-0.33,-0.117,-18.57641,0.97685,793,8,,-0.335,0.113
117,House,21375,3,5,MA,100,,,"CLARK, Katherine M.",C001101,1963,,-0.483,-0.362,-11.73457,0.98556,807,5,,-0.465,-0.3
117,House,21525,3,6,MA,100,,,"MOULTON, Seth",M001196,1978,,-0.282,-0.057,-35.08755,0.95756,809,11,,-0.225,-0.067
117,House,21955,3,7,MA,100,,,"PRESSLEY, Ayanna",P000617,1974,,-0.327,-0.945,-28.96,0.96475,807,10,,-0.981,-0.192
117,House,21977,3,3,MA,100,,,"TRAHAN, Lori",T000482,1973,,-0.465,-0.107,-15.07963,0.98156,810,8,,-0.458,-0.061
117,House,22100,3,4,MA,100,,,"AUCHINCLOSS, Jake",A000148,1988,,-0.323,-0.461,-24.87218,0.96969,808,8,,-0.323,-0.461
117,House,29729,3,2,MA,100,,,"McGOVERN, James P.",M000312,1959,,-0.539,-0.313,-14.54501,0.98207,804,6,,-0.498,-0.56
117,House,15446,23,6,MI,200,,,"UPTON, Frederick Stephen",U000031,1953,,0.321,-0.357,-196.07438,0.785,810,101,,0.205,-0.027
117,House,20725,23,7,MI,200,,,"WALBERG, Tim",W000798,1951,,0.511,0.101,-98.30151,0.88505,805,31,,0.487,0.191
117,House,21142,23,2,MI,200,,,"HUIZENGA, Bill",H001058,1969,,0.558,-0.022,-113.82027,0.86738,800,46,,0.502,0.06
117,House,21372,23,5,MI,100,,,"KILDEE, Dan",K000380,1958,,-0.389,-0.215,-23.41231,0.97147,809,8,,-0.265,-0.28
117,House,21526,23,4,MI,200,,,"MOOLENAAR, John",M001194,1961,,0.441,0.247,-120.18013,0.86227,811,54,,0.51,0.078
117,House,21529,23,12,MI,100,,,"DINGELL, Debbie",D000624,1953,,-0.406,-0.146,-21.59042,0.97354,805,7,,-0.371,-0.178
117,House,21530,23,14,MI,100,,,"LAWRENCE, Brenda L",L000581,1954,,-0.448,-0.039,-17.16259,0.97901,809,8,,-0.51,-0.08
117,House,21704,23,1,MI,200,,,"BERGMAN, John",B001301,1947,,0.429,0.108,-82.3239,0.90244,802,27,,0.435,0.2
117,House,21940,23,9,MI,100,,,"LEVIN, Andy",L000592,1960,,-0.475,-0.564,-15.49963,0.98105,810,3,,-0.428,-0.572
117,House,21965,23,8,MI,100,,,"SLOTKIN, Elissa",S001208,1976,,-0.318,0.851,-61.37693,0.92442,781,20,,-0.34,0.94
117,House,21972,23,11,MI,100,,,"STEVENS, Haley",S001215,1983,,-0.346,0.319,-22.01782,0.97322,811,13,,-0.366,0.262
117,House,21975,23,13,MI,100,,,"TLAIB, Rashida",T000481,1976,,-0.262,-0.965,-45.79254,0.94443,801,20,,-0.27,-0.963
117,House,22136,23,10,MI,200,,,"MCCLAIN, Lisa C.",M001136,1966,,0.552,0.121,-121.42643,0.86031,807,47,,0.553,0.12
117,House,22137,23,3,MI,200,,,"MEIJER, Peter",M001186,1988,,0.241,0.22,-113.50957,0.86879,807,50,,0.241,0.22
117,House,20122,33,4,MN,100,,,"McCOLLUM, Betty",M001143,1954,,-0.417,-0.184,-24.37203,0.97021,806,11,,-0.357,-0.159
117,House,21531,33,6,MN,200,,,"EMMER, Thomas Earl II",E000294,1961,,0.454,-0.059,-127.04204,0.85093,787,48,,0.444,-0.068
117,House,21910,33,2,MN,100,,,"CRAIG, Angela",C001119,1972,,-0.296,0.682,-34.74583,0.95791,808,13,,-0.271,0.644
117,House,21929,33,1,MN,200,,,"HAGEDORN, Jim",H001088,1962,2022,0.477,0.345,-20.96589,0.94856,397,8,,0.531,0.362
117,House,21950,33,5,MN,100,,,"OMAR, Ilhan",O000173,1982,,-0.29,-0.957,-36.75226,0.95521,802,14,,-0.981,-0.192
117,House,21953,33,3,MN,100,,,"PHILLIPS, Dean",P000616,1969,,-0.274,0.176,-29.79989,0.96375,807,14,,-0.464,0.629
117,House,21969,33,8,MN,200,,,"STAUBER, Peter",S001212,1966,,0.343,-0.002,-126.42519,0.85416,802,55,,0.384,-0.062
117,House,22114,33,7,MN,200,,,"FISCHBACH, Michelle",F000470,1965,,0.521,0.172,-77.23304,0.90916,811,29,,0.521,0.171
117,House,22167,33,1,MN,200,,,"FINSTAD, Brad",F000475,1976,,0.553,0.074,-19.44455,0.79764,86,7,,0.556,0.068
117,House,21148,46,4,MS,200,,,"PALAZZO, Steven",P000601,1970,,0.535,0.446,-97.54833,0.88384,790,46,,0.577,0.249
117,House,21561,46,1,MS,200,,,"KELLY, Trent",K000388,1966,,0.632,0.291,-70.30592,0.91627,804,24,,0.643,0.414
117,House,21927,46,3,MS,200,,,"GUEST, Michael",G000591,1970,,0.532,0.132,-80.63848,0.89636,737,38,,0.592,0.191
117,House,29368,46,2,MS,100,,,"THOMPSON, Bennie",T000193,1948,,-0.516,0.397,-24.62996,0.97005,810,11,,-0.517,0.324
117,House,20124,34,6,MO,200,,,"GRAVES, Samuel",G000546,1963,,0.442,0.197,-67.72884,0.9195,807,26,,0.462,0.534
117,House,20517,34,5,MO,100,,,"CLEAVER, Emanuel, II",C001061,1944,,-0.453,0.017,-14.75219,0.98189,807,5,,-0.457,0.077
117,House,20926,34,3,MO,200,,,"LUETKEMEYER, Blaine",L000569,1952,,0.445,0.258,-88.01626,0.89495,793,30,,0.49,0.297
117,House,21149,34,4,MO,200,,,"HARTZLER, Vicky",H001053,1960,,0.474,0.247,-116.19901,0.85322,732,44,,0.497,0.038
117,House,21150,34,7,MO,200,,,"LONG, Billy",L000576,1955,,0.545,0.238,-87.88413,0.89584,799,37,,0.532,0.313
117,House,21337,34,2,MO,200,,,"WAGNER, Ann",W000812,1962,,0.422,0.166,-78.52239,0.90717,806,25,,0.373,0.222
117,House,21373,34,8,MO,200,,,"SMITH, Jason",S001195,1980,,0.585,0.243,-82.98708,0.90076,794,39,,0.56,0.444
117,House,22106,34,1,MO,100,,,"BUSH, Cori",B001224,1976,,-0.244,-0.97,-63.76372,0.92376,804,27,,-0.245,-0.97
117,House,22148,64,1,MT,200,,,"ROSENDALE, Matthew M., Sr.",R000103,1960,,0.761,-0.523,-123.97763,0.85442,788,57,,0.761,-0.522
117,House,20518,35,1,NE,200,,,"FORTENBERRY, Jeff",F000449,1960,,0.304,-0.061,-53.88885,0.88373,436,21,,0.347,-0.056
117,House,20729,35,3,NE,200,,,"SMITH, Adrian",S001172,1970,,0.515,0.216,-67.51049,0.91839,793,25,,0.537,0.666
117,House,21701,35,2,NE,200,,,"BACON, Donald J.",B001298,1963,,0.347,-0.028,-151.85331,0.82886,809,62,,0.281,0.005
117,House,22166,35,1,NE,200,,,"FLOOD, Mike",F000474,1975,,0.482,0.876,-16.37097,0.92103,199,8,,0.48,0.877
117,House,20927,65,1,NV,100,,,"TITUS, Alice (Dina)",T000468,1950,,-0.304,-0.214,-16.14625,0.98014,805,5,,-0.419,-0.084
117,House,21196,65,2,NV,200,,,"AMODEI, Mark E.",A000369,1958,,0.383,0.193,-87.88675,0.89621,802,36,,0.379,0.162
117,House,21339,65,4,NV,100,,,"HORSFORD, Steven",H001066,1973,,-0.35,0.115,-39.32364,0.95215,802,16,,-0.381,0.293
117,House,21938,65,3,NV,100,,,"LEE, Susie",L000590,1966,,-0.287,0.436,-29.67266,0.96385,806,9,,-0.256,0.446
117,House,21340,4,2,NH,100,,,"KUSTER, Ann McLane",K000382,1956,,-0.258,-0.103,-22.57763,0.97244,808,11,,-0.357,0.284
117,House,21951,4,1,NH,100,,,"PAPPAS, Chris",P000614,1980,,-0.278,0.372,-27.13695,0.96697,808,10,,-0.259,0.48
117,House,14863,12,4,NJ,200,,,"SMITH, Christopher Henry",S000522,1953,,0.171,-0.169,-213.23481,0.76551,798,96,,0.279,-0.188
117,House,15454,12,6,NJ,100,,,"PALLONE, Frank, Jr.",P000034,1951,,-0.404,-0.17,-19.20091,0.97657,810,6,,-0.362,-0.409
117,House,20542,12,8,NJ,100,,,"SIRES, Albio",S001165,1951,,-0.404,0.098,-30.72625,0.96246,803,10,,-0.358,0.116
117,House,21536,12,1,NJ,100,,,"NORCROSS, Donald",N000188,1958,,-0.426,0.332,-17.07284,0.9787,793,6,,-0.456,0.46
117,House,21538,12,12,NJ,100,,,"WATSON COLEMAN, Bonnie",W000822,1945,,-0.617,-0.176,-20.86065,0.97461,811,8,,-0.427,-0.482
117,House,21723,12,5,NJ,100,,,"GOTTHEIMER, Josh S.",G000583,1975,,-0.151,0.234,-43.85701,0.94691,804,12,,-0.209,0.361
117,House,21937,12,3,NJ,100,,,"KIM, Andy",K000394,1982,,-0.302,0.363,-29.88655,0.96378,810,16,,-0.463,0.43
117,House,21942,12,7,NJ,100,,,"MALINOWSKI, Tomaz",M001203,1965,,-0.272,0.121,-48.46817,0.94164,806,23,,-0.318,0.214
117,House,21964,12,11,NJ,100,,,"SHERRILL, Mikie",S001207,1972,,-0.206,0.3,-32.88033,0.95923,790,9,,-0.283,0.508
117,House,29741,12,9,NJ,100,,,"PASCRELL, William J., Jr.",P000096,1937,,-0.367,-0.007,-15.6871,0.98051,797,4,,-0.409,-0.006
117,House,31103,12,10,NJ,100,,,"PAYNE, Donald, Jr.",P000604,1958,,-0.52,-0.11,-16.25947,0.9801,809,7,,-0.598,-0.201
117,House,91980,12,2,NJ,200,,,"VAN DREW, Jefferson",V000133,1953,,0.344,-0.513,-238.99637,0.74202,801,110,,0.392,-0.486
117,House,21928,66,1,NM,100,,,"HAALAND, Debra",H001080,1960,,-0.332,-0.233,-1.32643,0.98149,71,1,,-0.567,-0.214
117,House,22123,66,2,NM,200,,,"HERRELL, Yvette",H001084,1964,,0.936,0.352,-152.57367,0.82377,787,72,,0.741,0.129
117,House,22131,66,3,NM,100,,,"LEGER FERNANDEZ, Teresa",L000273,1959,,-0.39,-0.191,-14.51196,0.98216,806,3,,-0.39,-0.191
117,House,22159,66,1,NM,100,,,"STANSBURY, Melanie Ann",S001218,1979,,-0.456,-0.211,-13.29026,0.98021,665,6,,-0.456,-0.211
117,House,20519,13,26,NY,100,,,"HIGGINS, Brian",H001038,1959,,-0.348,-0.033,-14.49064,0.98214,804,6,,-0.441,0.054
117,House,20733,13,9,NY,100,,,"CLARKE, Yvette Diane",C001067,1964,,-0.612,-0.224,-13.57349,0.98316,799,6,,-0.484,-0.492
117,House,20934,13,20,NY,100,,,"TONKO, Paul",T000469,1949,,-0.421,-0.262,-10.83391,0.98668,808,3,,-0.452,-0.206
117,House,21101,13,23,NY,200,,,"REED, Thomas W. II",R000585,1971,,0.269,0.12,-80.56808,0.84636,483,32,,0.227,0.152
117,House,21342,13,6,NY,100,,,"MENG, Grace",M001188,1975,,-0.378,-0.208,-19.21068,0.97648,807,8,,-0.465,-0.46
117,House,21343,13,8,NY,100,,,"JEFFRIES, Hakeem",J000294,1970,,-0.488,-0.095,-10.57084,0.98699,807,3,,-0.492,-0.138
117,House,21344,13,18,NY,100,,,"MALONEY, Sean Patrick",M001185,1966,,-0.239,0.114,-20.9435,0.97429,804,8,,-0.261,-0.002
117,House,21539,13,1,NY,200,,,"ZELDIN, Lee M",Z000017,1980,,0.398,-0.133,-91.64273,0.8781,705,40,,0.435,-0.088
117,House,21540,13,4,NY,100,,,"RICE, Kathleen Maura",R000602,1965,,-0.28,0.039,-46.99709,0.94174,783,16,,-0.215,0.081
117,House,21541,13,21,NY,200,,,"STEFANIK, Elise M",S001196,1984,,0.261,-0.033,-136.53291,0.844,805,63,,0.393,0.31
117,House,21542,13,24,NY,200,,,"KATKO, John",K000386,1962,,0.186,0.01,-140.73652,0.83905,802,61,,0.161,-0.043
117,House,21715,13,13,NY,100,,,"ESPAILLAT, Adriano J.",E000297,1954,,-0.614,-0.238,-16.71462,0.97953,808,8,,-0.535,-0.524
117,House,21747,13,3,NY,100,,,"SUOZZI, Thomas",S001201,1962,,-0.219,0.087,-19.79711,0.97556,800,5,,-0.315,0.188
117,House,21749,13,22,NY,200,,,"TENNEY, Claudia",T000478,1961,,0.442,0.06,-136.55173,0.83996,783,55,,0.502,0.031
117,House,21761,13,25,NY,100,,,"MORELLE, Joseph D.",M001206,1957,,-0.357,0.195,-15.39994,0.98107,806,6,,-0.41,0.354
117,House,21916,13,19,NY,100,,,"DELGADO, Antonio",D000630,1977,,-0.233,0.277,-11.88706,0.97858,549,5,,-0.29,0.53
117,House,21949,13,14,NY,100,,,"OCASIO-CORTEZ, Alexandria",O000172,1989,,-0.256,-0.967,-43.02448,0.9477,801,18,,-0.304,-0.953
117,House,21990,13,27,NY,200,,,"JACOBS, Chris",J000020,1966,,0.311,0.031,-135.41091,0.84446,801,50,,0.309,0.051
117,House,22105,13,16,NY,100,,,"BOWMAN, Jamaal",B001223,1976,,-0.324,-0.946,-38.5678,0.95305,802,14,,-0.981,-0.192
117,House,22117,13,2,NY,200,,,"GARBARINO, Andrew R.",G000597,1984,,0.286,0.065,-87.92095,0.8958,799,32,,0.286,0.065
117,House,22127,13,17,NY,100,,,"JONES, Mondaire",J000306,1987,,-0.414,-0.535,-14.1727,0.98253,804,6,,-0.414,-0.535
117,House,22133,13,11,NY,200,,,"MALLIOTAKIS, Nicole",M000317,1980,,0.296,0.031,-132.96012,0.84775,805,61,,0.296,0.031
117,House,22154,13,15,NY,100,,,"TORRES, Ritchie",T000486,1988,,-0.539,-0.318,-13.43912,0.9834,803,4,,-0.539,-0.318
117,House,22169,13,19,NY,100,,,"RYAN, Patrick",R000579,1982,,-0.376,0.392,-0.19683,0.99771,86,0,,-0.376,0.393
117,House,22170,13,23,NY,200,,,"SEMPOLINSKI, Joseph",S001219,1983,,0.529,0.092,-21.15415,0.78194,86,16,,0.53,0.085
117,House,29377,13,10,NY,100,,,"NADLER, Jerrold Lewis",N000002,1947,,-0.508,-0.499,-14.05831,0.98245,794,5,,-0.489,-0.356
117,House,29378,13,7,NY,100,,,"VELÁZQUEZ, Nydia M.",V000081,1953,,-0.547,-0.343,-12.80224,0.98422,805,5,,-0.471,-0.5
117,House,29379,13,12,NY,100,,,"MALONEY, Carolyn Bosher",M000087,1946,,-0.387,-0.285,-15.21497,0.98125,804,7,,-0.417,-0.374
117,House,29776,13,5,NY,100,,,"MEEKS, Gregory W.",M001137,1953,,-0.414,-0.071,-12.56273,0.9844,799,4,,-0.49,0.098
117,House,15438,47,4,NC,100,,,"PRICE, David Eugene",P000523,1940,,-0.343,-0.03,-12.30704,0.98444,785,3,,-0.456,0.113
117,House,20340,47,1,NC,100,,,"BUTTERFIELD, George Kenneth, Jr. (G.K.)",B001251,1947,,-0.404,0.184,-16.48254,0.97956,798,5,,-0.483,0.347
117,House,20521,47,5,NC,200,,,"FOXX, Virginia Ann",F000450,1943,,0.627,0.148,-116.19295,0.8601,771,42,,0.623,0.221
117,House,20522,47,10,NC,200,,,"McHENRY, Patrick T.",M001156,1975,,0.534,0.109,-130.07975,0.84493,772,54,,0.409,0.152
117,House,21346,47,8,NC,200,,,"HUDSON, Richard",H001067,1971,,0.535,0.152,-105.61266,0.87647,801,38,,0.425,0.201
117,House,21544,47,7,NC,200,,,"ROUZER, David",R000603,1972,,0.563,0.194,-98.18631,0.88531,806,47,,0.554,0.265
117,House,21545,47,12,NC,100,,,"ADAMS, Alma",A000370,1946,,-0.465,0.026,-15.23973,0.98129,807,8,,-0.467,0.095
117,House,21708,47,13,NC,200,,,"BUDD, Theodore Paul",B001305,1971,,0.639,-0.088,-143.76871,0.82057,727,69,,0.604,-0.097
117,House,21986,47,9,NC,200,,,"BISHOP, Dan",B001311,1964,,0.721,-0.294,-142.35232,0.8353,791,66,,0.695,-0.357
117,House,21987,47,3,NC,200,,,"MURPHY, Gregory Francis",M001210,1963,,0.494,0.033,-133.0825,0.84442,787,47,,0.468,0.02
117,House,22109,47,11,NC,200,,,"CAWTHORN, Madison",C001104,1995,,0.554,-0.246,-167.59245,0.80687,781,83,,0.555,-0.247
117,House,22135,47,6,NC,100,,,"MANNING, Kathy E.",M001135,1956,,-0.276,0.193,-16.83245,0.97941,809,5,,-0.276,0.193
117,House,22149,47,2,NC,100,,,"ROSS, Deborah K.",R000305,1963,,-0.409,0.268,-14.13781,0.9827,810,4,,-0.409,0.268
117,House,21901,36,1,ND,200,,,"ARMSTRONG, Kelly",A000377,1976,,0.47,-0.008,-115.57045,0.8608,771,44,,0.47,-0.041
117,House,21996,95,0,MP,100,,,"SABLAN, Gregorio Kilili Camacho",S001177,1955,,-0.449,-0.017,-0.27092,0.98083,14,0,,-0.41,-0.875
117,House,15029,24,9,OH,100,,,"KAPTUR, Marcia Carolyn (Marcy)",K000009,1946,,-0.35,0.108,-16.29411,0.97986,801,5,,-0.306,0.004
117,House,20342,24,10,OH,200,,,"TURNER, Michael R.",T000463,1960,,0.275,0.216,-96.0722,0.8859,793,41,,0.302,0.346
117,House,20343,24,13,OH,100,,,"RYAN, Timothy J.",R000577,1973,,-0.402,0.208,-14.33415,0.98226,801,6,,-0.358,-0.006
117,House,20738,24,4,OH,200,,,"JORDAN, Jim",J000289,1964,,0.717,-0.2,-110.12845,0.86957,788,33,,0.734,-0.124
117,House,20755,24,5,OH,200,,,"LATTA, Robert E.",L000566,1956,,0.513,0.272,-64.48959,0.92356,811,24,,0.481,0.281
117,House,20941,24,11,OH,100,,,"FUDGE, Marcia L.",F000455,1952,,-0.581,0.14,-1.13895,0.97913,54,1,,-0.295,0.196
117,House,21162,24,6,OH,200,,,"JOHNSON, Bill",J000292,1954,,0.422,0.273,-85.46526,0.89963,808,34,,0.391,0.199
117,House,21163,24,15,OH,200,,,"STIVERS, Steve",S001187,1965,,0.3,0.269,-11.4027,0.90714,117,7,,0.283,0.201
117,House,21165,24,7,OH,200,,,"GIBBS, Bob",G000563,1954,,0.484,0.283,-87.96464,0.89296,777,35,,0.524,0.199
117,House,21351,24,2,OH,200,,,"WENSTRUP, Brad",W000815,1958,,0.532,0.233,-77.98213,0.90745,803,32,,0.477,0.315
117,House,21352,24,3,OH,100,,,"BEATTY, Joyce",B001281,1950,,-0.434,0.044,-17.20871,0.97893,808,7,,-0.575,-0.045
117,House,21353,24,14,OH,200,,,"JOYCE, David",J000295,1957,,0.26,0.275,-76.08365,0.9096,803,30,,0.252,0.286
117,House,21564,24,8,OH,200,,,"DAVIDSON, Warren",D000626,1970,,0.666,-0.353,-195.66382,0.78303,800,91,,0.618,-0.399
117,House,21759,24,12,OH,200,,,"BALDERSON, Troy",B001306,1962,,0.424,0.342,-71.39757,0.91482,802,29,,0.421,0.218
117,House,21924,24,16,OH,200,,,"GONZALEZ, Anthony",G000588,1984,,0.241,0.313,-103.94823,0.87295,765,51,,0.208,0.295
117,House,22161,24,11,OH,100,,,"BROWN, Shontel  M.",B001313,1975,,-0.464,-0.045,-5.77327,0.98843,496,2,,-0.464,-0.045
117,House,22162,24,15,OH,200,,,"CAREY, Mike",C001126,1971,,0.401,-0.001,-70.10093,0.8677,494,32,,0.401,-0.001
117,House,29550,24,1,OH,200,,,"CHABOT, Steve",C000266,1953,,0.543,-0.142,-143.6059,0.83735,809,61,,0.392,0.258
117,House,20344,53,4,OK,200,,,"COLE, Tom",C001053,1949,,0.329,0.371,-77.56587,0.90825,806,31,,0.31,0.494
117,House,21355,53,2,OK,200,,,"MULLIN, Markwayne",M001190,1977,,0.542,0.224,-109.30959,0.86908,779,54,,0.579,0.12
117,House,21760,53,1,OK,200,,,"HERN, Kevin",H001082,1961,,0.69,-0.048,-116.2607,0.86443,798,48,,0.696,-0.093
117,House,22102,53,5,OK,200,,,"BICE, Stephanie I.",B000740,1973,,0.407,0.433,-67.06427,0.92045,809,30,,0.407,0.433
117,House,29393,53,3,OK,200,,,"LUCAS, Frank D.",L000491,1960,,0.366,0.419,-59.91101,0.92688,789,24,,0.414,0.506
117,House,15410,72,4,OR,100,,,"DeFAZIO, Peter Anthony",D000191,1947,,-0.427,-0.002,-28.34149,0.96511,798,10,,-0.269,-0.412
117,House,20944,72,5,OR,100,,,"SCHRADER, Kurt",S001180,1951,,-0.182,0.054,-141.44068,0.83758,798,45,,-0.12,0.022
117,House,21198,72,1,OR,100,,,"BONAMICI, Suzanne",B001278,1954,,-0.394,-0.408,-11.47377,0.98595,811,5,,-0.41,-0.452
117,House,22101,72,2,OR,200,,,"BENTZ, Cliff",B000668,1952,,0.477,0.327,-72.81379,0.91393,809,29,,0.477,0.326
117,House,29588,72,3,OR,100,,,"BLUMENAUER, Earl",B000574,1948,,-0.427,-0.661,-16.4755,0.97967,802,7,,-0.37,-0.557
117,House,20946,14,15,PA,200,,,"THOMPSON, Glenn",T000467,1959,,0.32,0.397,-73.97084,0.91126,796,29,,0.355,0.511
117,House,21167,14,16,PA,200,,,"KELLY, Mike",K000376,1948,,0.369,0.409,-71.99358,0.91435,804,28,,0.439,0.308
117,House,21356,14,10,PA,200,,,"PERRY, Scott",P000605,1962,,0.668,-0.436,-148.78784,0.82951,796,69,,0.773,-0.439
117,House,21358,14,8,PA,100,,,"CARTWRIGHT, Matt",C001090,1961,,-0.36,-0.027,-28.97575,0.96399,790,14,,-0.243,0.01
117,House,21548,14,2,PA,100,,,"BOYLE, Brendan Francis",B001296,1977,,-0.4,0.132,-15.30272,0.98122,807,6,,-0.44,0.188
117,House,21566,14,3,PA,100,,,"EVANS, Dwight",E000296,1954,,-0.464,-0.094,-16.23122,0.98011,808,8,,-0.557,-0.053
117,House,21718,14,1,PA,200,,,"FITZPATRICK, Brian K.",F000466,1973,,0.157,-0.157,-138.06068,0.84329,810,51,,0.138,-0.19
117,House,21745,14,11,PA,200,,,"SMUCKER, Lloyd K.",S001199,1964,,0.436,0.23,-78.40936,0.90697,803,30,,0.455,0.222
117,House,21756,14,17,PA,100,,,"LAMB, Conor",L000588,1984,,-0.143,0.211,-29.40298,0.96426,808,3,,-0.23,0.286
117,House,21762,14,5,PA,100,,,"SCANLON, Mary Gay",S001205,1959,,-0.45,-0.025,-16.22405,0.98002,804,6,,-0.378,-0.142
117,House,21763,14,7,PA,100,,,"WILD, Susan",W000826,1957,,-0.276,0.358,-46.36942,0.94396,804,19,,-0.208,0.142
117,House,21915,14,4,PA,100,,,"DEAN, Madeleine",D000631,1959,,-0.463,-0.006,-10.97394,0.98653,809,2,,-0.39,-0.11
117,House,21934,14,6,PA,100,,,"HOULAHAN, Christina",H001085,1967,,-0.301,0.475,-23.05836,0.97183,807,7,,-0.284,0.335
117,House,21936,14,13,PA,200,,,"JOYCE, John",J000302,1957,,0.568,0.045,-135.74972,0.84535,808,60,,0.589,0.027
117,House,21945,14,9,PA,200,,,"MEUSER, Dan",M001204,1964,,0.497,0.248,-97.30361,0.88453,793,37,,0.428,0.106
117,House,21956,14,14,PA,200,,,"RESCHENTHALER, Guy",R000610,1983,,0.365,0.373,-67.72511,0.91941,806,27,,0.372,0.37
117,House,21985,14,12,PA,200,,,"KELLER, Fred",K000395,1965,,0.499,0.164,-84.80023,0.90049,809,34,,0.497,0.21
117,House,29561,14,18,PA,100,,,"DOYLE, Michael F.",D000482,1953,,-0.331,0.099,-39.27292,0.94811,737,15,,-0.384,-0.472
117,House,21992,92,0,PR,200,,,"GONZÁLEZ-CÓLON, Jenniffer",G000582,1976,,0.258,0.3,-5.42793,0.67861,14,3,,0.164,0.986
117,House,20136,5,2,RI,100,,,"LANGEVIN, James",L000559,1964,,-0.375,0.114,-19.94565,0.97556,806,8,,-0.353,0.23
117,House,21172,5,1,RI,100,,,"CICILLINE, David N.",C001084,1961,,-0.388,-0.266,-23.21163,0.97154,804,9,,-0.312,-0.175
117,House,20138,48,2,SC,200,,,"WILSON, Addison Graves (Joe)",W000795,1947,,0.53,0.145,-89.6219,0.89185,783,35,,0.479,0.51
117,House,21174,48,3,SC,200,,,"DUNCAN, Jeff",D000615,1966,,0.702,-0.085,-148.16493,0.82879,789,77,,0.659,0.037
117,House,21359,48,7,SC,200,,,"RICE, Tom",R000597,1957,,0.561,-0.222,-203.0819,0.77605,801,85,,0.478,-0.191
117,House,21753,48,5,SC,200,,,"NORMAN, Ralph",N000190,1953,,0.85,-0.35,-73.28873,0.90943,772,26,,0.892,-0.452
117,House,21974,48,4,SC,200,,,"TIMMONS, William",T000480,1984,,0.59,0.221,-82.90807,0.90248,808,35,,0.587,0.27
117,House,22132,48,1,SC,200,,,"MACE, Nancy",M000194,1977,,0.378,-0.223,-209.06743,0.77053,802,91,,0.378,-0.223
117,House,39301,48,6,SC,100,,,"CLYBURN, James Enos",C000537,1940,,-0.464,0.254,-13.67818,0.98303,799,5,,-0.538,0.284
117,House,21935,37,1,SD,200,,,"JOHNSON, Dustin",J000301,1976,,0.435,0.241,-70.88357,0.91591,807,25,,0.396,0.394
117,House,15019,54,5,TN,100,,,"COOPER, James Hayes Shofner",C000754,1954,,-0.164,-0.033,-32.88915,0.95982,802,14,,-0.359,0.138
117,House,20748,54,9,TN,100,,,"COHEN, Stephen",C001068,1949,,-0.398,-0.353,-29.33558,0.96399,800,12,,-0.303,-0.411
117,House,21178,54,3,TN,200,,,"FLEISCHMANN, Chuck",F000459,1962,,0.465,0.277,-94.66787,0.88983,811,46,,0.498,0.17
117,House,21179,54,4,TN,200,,,"DESJARLAIS, Scott",D000616,1964,,0.579,-0.07,-129.37906,0.85153,805,57,,0.574,-0.031
117,House,21731,54,8,TN,200,,,"KUSTOFF, David",K000392,1966,,0.537,0.325,-71.76925,0.9146,804,29,,0.556,0.381
117,House,21905,54,2,TN,200,,,"BURCHETT, Timothy",B001309,1964,,0.668,-0.329,-137.35446,0.83873,781,56,,0.651,-0.358
117,House,21926,54,7,TN,200,,,"GREEN, Mark",G000590,1964,,0.673,0.012,-135.60226,0.84172,787,70,,0.65,-0.027
117,House,21959,54,6,TN,200,,,"ROSE, John",R000612,1965,,0.675,0.071,-113.5251,0.86455,780,52,,0.678,0.092
117,House,22122,54,1,TN,200,,,"HARSHBARGER, Diana",H001086,1960,,0.684,0.082,-125.74906,0.85521,804,60,,0.684,0.083
117,House,20355,49,26,TX,200,,,"BURGESS, Michael C.",B001248,1950,,0.573,-0.195,-147.73359,0.82845,785,63,,0.581,-0.136
117,House,20356,49,31,TX,200,,,"CARTER, John R.",C001051,1941,,0.486,0.576,-144.729,0.8347,801,55,,0.621,0.507
117,House,20527,49,1,TX,200,,,"GOHMERT, Louie",G000552,1953,,0.643,-0.403,-168.00871,0.80167,760,84,,0.68,-0.497
117,House,20529,49,9,TX,100,,,"GREEN, Al",G000553,1947,,-0.438,0.294,-32.0627,0.9611,808,15,,-0.389,-0.283
117,House,20530,49,10,TX,200,,,"McCAUL, Michael T.",M001157,1962,,0.423,0.117,-86.62143,0.89652,793,34,,0.349,0.405
117,House,20533,49,28,TX,100,,,"CUELLAR, Henry",C001063,1955,,-0.229,0.618,-74.75851,0.91173,809,31,,-0.287,0.684
117,House,21360,49,14,TX,200,,,"WEBER, Randy",W000814,1953,,0.732,0.018,-125.55931,0.85253,787,52,,0.825,0.185
117,House,21362,49,20,TX,100,,,"CASTRO, Joaquin",C001091,1974,,-0.401,-0.041,-15.3609,0.98112,806,4,,-0.434,-0.27
117,House,21364,49,25,TX,200,,,"WILLIAMS, Roger",W000816,1949,,0.585,0.133,-81.49915,0.89919,767,28,,0.591,0.196
117,House,21365,49,33,TX,100,,,"VEASEY, Marc",V000131,1971,,-0.4,0.283,-22.65659,0.97218,803,11,,-0.311,0.157
117,House,21366,49,34,TX,100,,,"VELA, Filemon",V000132,1963,,-0.311,0.407,-11.96004,0.97336,443,6,,-0.224,0.161
117,House,21551,49,36,TX,200,,,"BABIN, Brian",B001291,1948,,0.71,0.088,-114.03421,0.86715,800,55,,0.729,0.113
117,House,21700,49,19,TX,200,,,"ARRINGTON, Jodey Cook",A000375,1972,,0.649,-0.065,-132.01867,0.8384,749,58,,0.673,-0.046
117,House,21722,49,15,TX,100,,,"GONZALEZ, Vicente Jr.",G000581,1967,,-0.379,0.661,-47.75929,0.94061,780,16,,-0.29,0.468
117,House,21758,49,27,TX,200,,,"CLOUD, Michael",C001115,1975,,0.683,-0.294,-132.29346,0.844,780,58,,0.714,-0.28
117,House,21900,49,32,TX,100,,,"ALLRED, Colin",A000376,1983,,-0.431,0.575,-13.97389,0.98273,802,5,,-0.399,0.497
117,House,21911,49,2,TX,200,,,"CRENSHAW, Daniel",C001120,1984,,0.43,0.204,-104.57503,0.87631,792,38,,0.449,0.112
117,House,21917,49,16,TX,100,,,"ESCOBAR, Veronica",E000299,1969,,-0.416,-0.455,-60.0781,0.92817,806,22,,-0.531,-0.526
117,House,21919,49,7,TX,100,,,"FLETCHER, Elizabeth",F000468,1975,,-0.376,0.684,-31.06992,0.96232,809,11,,-0.235,0.284
117,House,21922,49,29,TX,100,,,"GARCIA, Sylvia",G000587,1950,,-0.829,0.504,-50.45015,0.9394,807,22,,-0.885,0.464
117,House,21925,49,5,TX,200,,,"GOODEN, Lance",G000589,1982,,0.748,-0.096,-146.33445,0.83435,808,64,,0.762,-0.119
117,House,21961,49,21,TX,200,,,"ROY, Charles",R000614,1972,,0.8,-0.6,-101.43325,0.87732,775,44,,0.795,-0.607
117,House,21973,49,3,TX,200,,,"TAYLOR, Nicholas",T000479,1972,,0.581,-0.226,-169.32172,0.80839,796,88,,0.603,-0.244
117,House,21984,49,6,TX,200,,,"WRIGHT, Ron",W000827,1953,2021,0.711,-0.09,-0.27921,0.98025,14,0,,0.908,-0.418
117,House,22112,49,4,TX,200,,,"FALLON, Pat",F000246,1967,,0.72,0.167,-112.73578,0.86763,794,50,,0.719,0.168
117,House,22119,49,23,TX,200,,,"GONZALES, Tony",G000594,1980,,0.307,0.386,-66.26191,0.92127,808,27,,0.307,0.386
117,House,22125,49,13,TX,200,,,"JACKSON, Ronny",J000304,1967,,0.781,0.189,-94.70299,0.88511,776,36,,0.781,0.19
117,House,22143,49,22,TX,200,,,"NEHLS, Troy E.",N000026,1968,,0.631,-0.1,-131.22157,0.84696,790,65,,0.63,-0.099
117,House,22147,49,11,TX,200,,,"PFLUGER, August",P000048,1977,,0.661,0.395,-78.84429,0.90524,792,32,,0.661,0.395
117,House,22155,49,24,TX,200,,,"VAN DUYNE, Beth",V000134,1970,,0.572,0.035,-110.76911,0.87174,807,50,,0.57,0.038
117,House,22160,49,6,TX,200,,,"ELLZEY, Jake",E000071,1970,,0.523,0.341,-63.18746,0.89627,577,27,,0.524,0.34
117,House,22165,49,34,TX,200,,,"FLORES, Mayra",F000473,1986,,0.342,0.653,-14.98762,0.93443,221,5,,0.342,0.653
117,House,29571,49,35,TX,100,,,"DOGGETT, Lloyd Alton, II",D000399,1946,,-0.402,-0.316,-21.06555,0.97414,804,6,,-0.329,-0.411
117,House,29573,49,18,TX,100,,,"JACKSON LEE, Sheila",J000032,1950,,-0.46,0.124,-15.26793,0.98124,806,7,,-0.392,-0.147
117,House,29759,49,17,TX,200,,,"SESSIONS, Pete",S000250,1955,,0.591,0.133,-159.27944,0.81885,797,67,,0.589,-0.051
117,House,29760,49,8,TX,200,,,"BRADY, Kevin Patrick",B000755,1955,,0.52,0.238,-71.02535,0.89797,660,26,,0.477,0.473
117,House,29762,49,12,TX,200,,,"GRANGER, Kay",G000377,1943,,0.404,0.23,-130.13879,0.8483,791,48,,0.47,0.184
117,House,39305,49,30,TX,100,,,"JOHNSON, Eddie Bernice",J000126,1935,,-0.485,0.198,-19.24839,0.97631,803,11,,-0.488,-0.023
117,House,21367,67,2,UT,200,,,"STEWART, Chris",S001192,1960,,0.503,0.157,-99.83773,0.88363,807,40,,0.441,0.123
117,House,21755,67,3,UT,200,,,"CURTIS, John R.",C001114,1960,,0.479,0.08,-117.19586,0.86357,799,44,,0.41,0.111
117,House,22141,67,1,UT,200,,,"MOORE, Blake D.",M001213,1980,,0.346,0.36,-68.52323,0.9183,804,24,,0.346,0.36
117,House,22146,67,4,UT,200,,,"OWENS, Burgess",O000086,1951,,0.452,0.236,-79.62938,0.90571,804,31,,0.452,0.235
117,House,20750,6,1,VT,100,,,"WELCH, Peter",W000800,1947,,-0.407,-0.356,-24.31446,0.96995,797,11,,-0.3,-0.47
117,House,21994,96,0,VI,100,,,"PLASKETT, Stacey E.",P000610,1966,,-0.347,0.193,-0.63735,0.9555,14,0,,-0.41,-0.875
117,House,20756,40,1,VA,200,,,"WITTMAN, Robert J.",W000804,1959,,0.446,0.002,-81.34982,0.90072,778,25,,0.465,0.168
117,House,20952,40,11,VA,100,,,"CONNOLLY, Gerald E. (Gerry)",C001078,1950,,-0.306,-0.019,-21.33099,0.97398,809,6,,-0.311,-0.102
117,House,21191,40,9,VA,200,,,"GRIFFITH, H. Morgan",G000568,1958,,0.533,-0.4,-178.90469,0.79803,793,83,,0.502,-0.362
117,House,21554,40,8,VA,100,,,"BEYER, Donald Sternoff Jr.",B001292,1950,,-0.386,-0.054,-11.95028,0.98534,809,2,,-0.409,-0.123
117,House,21736,40,4,VA,100,,,"MCEACHIN, Aston Donald",M001200,1961,2022,-0.381,-0.017,-19.80339,0.97496,781,12,,-0.493,0.309
117,House,21908,40,6,VA,200,,,"CLINE, Benjamin",C001118,1972,,0.719,-0.192,-127.00612,0.85286,798,50,,0.737,-0.175
117,House,21941,40,2,VA,100,,,"LURIA, Elaine",L000591,1975,,-0.206,0.426,-48.56183,0.94181,810,15,,-0.401,0.854
117,House,21966,40,7,VA,100,,,"SPANBERGER, Abigail",S001209,1979,,-0.176,0.428,-44.58241,0.94606,804,16,,-0.197,0.409
117,House,21983,40,10,VA,100,,,"WEXTON, Jennifer",W000825,1968,,-0.34,0.365,-28.93433,0.96487,809,14,,-0.252,0.204
117,House,22120,40,5,VA,200,,,"GOOD, Bob",G000595,1965,,0.8,-0.6,-128.62215,0.84744,777,61,,0.834,-0.37
117,House,39307,40,3,VA,100,,,"SCOTT, Robert C.",S000185,1947,,-0.45,0.016,-15.54116,0.98093,807,9,,-0.49,0.097
117,House,20145,73,2,WA,100,,,"LARSEN, Richard Ray (Rick)",L000560,1965,,-0.365,0.186,-18.97858,0.97647,797,8,,-0.436,0.114
117,House,20535,73,5,WA,200,,,"McMORRIS RODGERS, Cathy",M001159,1969,,0.422,0.135,-71.70965,0.91385,796,25,,0.396,0.365
117,House,21187,73,3,WA,200,,,"HERRERA BEUTLER, Jaime",H001056,1978,,0.338,-0.133,-119.04461,0.86158,799,51,,0.286,0.129
117,House,21368,73,6,WA,100,,,"KILMER, Derek",K000381,1974,,-0.31,-0.016,-13.29705,0.98372,810,4,,-0.305,-0.082
117,House,21556,73,4,WA,200,,,"NEWHOUSE, Daniel Milton",N000189,1955,,0.329,0.283,-82.44776,0.90207,800,40,,0.29,0.383
117,House,21726,73,7,WA,100,,,"JAYAPAL, Pramila",J000298,1965,,-0.68,-0.357,-18.42033,0.97743,807,7,,-0.474,-0.638
117,House,21962,73,8,WA,100,,,"SCHRIER, Kim",S001216,1968,,-0.323,0.499,-25.87259,0.96853,809,10,,-0.295,0.59
117,House,22153,73,10,WA,100,,,"STRICKLAND, Marilyn",S001159,1962,,-0.4,0.357,-22.4353,0.97217,795,12,,-0.4,0.357
117,House,29768,73,9,WA,100,,,"SMITH, Adam",S000510,1965,,-0.286,-0.161,-26.81306,0.96732,807,10,,-0.615,0.184
117,House,31101,73,1,WA,100,,,"DelBENE, Suzan K.",D000617,1962,,-0.285,-0.203,-19.75963,0.97593,811,7,,-0.476,0.291
117,House,21188,56,1,WV,200,,,"McKINLEY, David",M001180,1947,,0.3,0.178,-109.49922,0.86331,745,48,,0.298,0.113
117,House,21557,56,2,WV,200,,,"MOONEY, Alex X.",M001195,1971,,0.557,-0.201,-123.18295,0.85696,798,47,,0.543,-0.046
117,House,21946,56,3,WV,200,,,"MILLER, Carol",M001205,1950,,0.481,0.324,-55.04085,0.93245,787,18,,0.5,0.386
117,House,20537,25,4,WI,100,,,"MOORE, Gwendolynne S. (Gwen)",M001160,1951,,-0.525,-0.252,-32.01725,0.96082,801,12,,-0.302,-0.452
117,House,21370,25,2,WI,100,,,"POCAN, Mark",P000607,1964,,-0.536,-0.561,-25.97233,0.96813,802,9,,-0.408,-0.644
117,House,21559,25,6,WI,200,,,"GROTHMAN, Glenn",G000576,1955,,0.601,-0.272,-166.50471,0.81252,802,76,,0.582,-0.292
117,House,21720,25,8,WI,200,,,"GALLAGHER, Michael",G000579,1984,,0.43,-0.006,-107.597,0.8743,801,42,,0.411,0.083
117,House,21970,25,1,WI,200,,,"STEIL, Bryan",S001213,1981,,0.417,0.026,-76.75256,0.90959,810,30,,0.426,0.165
117,House,21989,25,7,WI,200,,,"TIFFANY, Thomas P.",T000165,1957,,0.637,-0.197,-125.20293,0.85064,774,57,,0.641,-0.189
117,House,22115,25,5,WI,200,,,"FITZGERALD, Scott",F000471,1963,,0.617,0.271,-97.75585,0.88525,802,45,,0.617,0.27
117,House,29769,25,3,WI,100,,,"KIND, Ron",K000188,1963,,-0.26,-0.08,-65.94875,0.92162,808,20,,-0.176,-0.105
117,House,21710,68,1,WY,200,,,"CHENEY, Liz",C001109,1966,,0.418,0.762,-176.94279,0.76881,673,63,,0.282,0.815
